list(n=4.00000E+01, k=2.00000E+01, x1=c(9.14800E-01, 9.37100E-01, 2.86100E-01, 8.30400E-01, 6.41700E-01, 5.19100E-01, 7.36600E-01, 1.34700E-01, 6.57000E-01, 7.05100E-01, 4.57700E-01, 7.19100E-01, 9.34700E-01, 2.55400E-01, 4.62300E-01, 9.40000E-01, 9.78200E-01, 1.17500E-01, 4.75000E-01, 5.60300E-01, 9.04000E-01, 1.38700E-01, 9.88900E-01, 9.46700E-01, 8.24000E-02, 5.14200E-01, 3.90200E-01, 9.05700E-01, 4.47000E-01, 8.36000E-01, 7.37600E-01, 8.11100E-01, 3.88100E-01, 6.85200E-01, 3.90000E-03, 8.32900E-01, 7.30000E-03, 2.07700E-01, 9.06600E-01, 6.11800E-01), x2=c(4.00000E+00, 5.00000E+00, 1.00000E+00, 1.00000E+01, 5.00000E+00, 1.00000E+01, 9.00000E+00, 7.00000E+00, 1.00000E+01, 7.00000E+00, 4.00000E+00, 4.00000E+00, 4.00000E+00, 8.00000E+00, 1.00000E+00, 8.00000E+00, 7.00000E+00, 2.00000E+00, 3.00000E+00, 6.00000E+00, 7.00000E+00, 1.00000E+01, 8.00000E+00, 6.00000E+00, 9.00000E+00, 2.00000E+00, 3.00000E+00, 9.00000E+00, 7.00000E+00, 3.00000E+00, 1.00000E+00, 2.00000E+00, 3.00000E+00, 5.00000E+00, 2.00000E+00, 8.00000E+00, 1.00000E+00, 4.00000E+00, 6.00000E+00, 1.00000E+00), y=c(5.69480E+00, 4.76140E+00, 3.97500E+00, 1.25600E+00, 1.98220E+00, 5.47400E-01, 1.10810E+00, 7.52100E-01, 5.10500E-01, 3.38600E+00, 3.06840E+00, 3.53080E+00, 7.18380E+00, 1.75500E-01, 4.36350E+00, 3.91660E+00, 5.04860E+00, 1.79480E+00, 3.56900E-01, 2.64690E+00, 3.55700E+00, -1.98250E+00, 4.51520E+00, 6.07970E+00, -2.73270E+00, 5.38780E+00, 3.17710E+00, 3.97290E+00, 2.10250E+00, 6.23690E+00, 4.88250E+00, 5.77610E+00, 3.45220E+00, 2.65750E+00, 4.80900E-01, 3.57850E+00, 2.31220E+00, 1.70970E+00, 3.55380E+00, 4.07090E+00))
